Brubru, 12, 21, 9, 29, REISCH, 3, 6, 8, 9, 1, 153, 4, 
karlao, 35, 35, 6, 55, SANTOS, 6, 3, 6, 6, 1, 85, 1
cavalo, 35, 35, 6, 55, SANTOS, 6, 3, 6, 6, 1, 85, 0
pomba, 35, 35, 6, 55, SANTOS, 6, 3, 6, 6, 1, 85, 0
picles, 7, 35, 6, 55, SANTOS, 6, 3, 3, 6, 1, 108, 8, 
CHEIKI, 26, 26, 8, 34, SABEL, 8, 4, 7, 7, 1, 70, 0
Ferraz, 15, 35, 6, 55, SANTOS, 6, 3, 1, 6, 1, 113, 7, 
Gusta, 24, 35, 6, 66, SANTOS, 6, 3, 5, 6, 1, 62, 4, 
Bumba, 21, 21, 9, 29, REISCH, 3, 6, 9, 9, 1, 45, 0
gusta, 35, 35, 6, 55, SANTOS, 6, 3, 2, 6, 1, 144, 2, 
